609
452
1582
1517
1515
1463
123
448
1539
872
1605
1103
772
1643
1373
99
746
174
333
1438
635
1054
1347
1216
556
1451
971
1271
1032
396
932
1611
1009
699
1285
1534
294
244
1047
281
692
32
1178
643
361
1723
1560
408
40
22
460
960
860
261
1759
1064
1207
303
653
1107
175
1128
545
1026
34
1242
758
1233
1187
773
1569
646
152
1435
796
1783
678
343
744
1724
92
705
1140
1240
600
1448
1449
723
1615
1625
865
301
170
999
1368
325
1678
1704
1649
784
756
682
520
983
1389
1052
440
1531
409
1248
1387
304
742
1300
797
1753
905
1513
91
146
1736
894
1440
119
763
190
672
1088
1474
319
625
112
1217
1369
127
241
816
824
1503
1049
1023
798
1700
762
592
1675
1664
423
475
838
1641
1598
871
749
532
402
1230
1375
165
306
35
6
1457
948
881
265
1127
1123
720
834
1470
1138
752
732
789
840
419
673
518
944
336
121
271
1065
390
1121
1459
877
767
1431
519
1689
851
1688
804
228
160
593
841
1493
1782
1624
1351
236
805
710
55
1508
506
488
963
376
636
1228
1222
1445
1329
649
1595
148
661
1155
931
869
1098
879
3
790
358
96
870
1639
166
802
320
1270
1715
691
739
880
1367
136
594
269
1147
1195
1061
1197
68
1522
1264
530
1501
16
882
674
1008
1519
1461
140
135
1376
651
599
1719
1599
1319
69
310
542
832
1636
1226
115
1450
464
956
425
1574
911
584
369
1415
11
913
399
101
54
975
951
1370
105
899
675
335
578
296
883
176
1718
902
218
1477
360
30
1663
321
1533
1521
950
726
1579
461
1017
706
1117
689
721
357
400
1132
1563
1025
969
133
1063
1122
291
186
1763
149
1011
736
892
224
1630
1743
45
853
1565
473
1581
184
652
1518
1209
597
365
1397
373
1708
467
529
648
1631
1125
1756
216
1243
1745
884
77
748
560
280
338
1600
585
1405
650
1322
826
670
823
1298
1713
211
666
485
727
640
1134
893
947
740
570
887
1097
1062
1443
1544
517
1516
1526
1652
235
1021
60
442
1004
1111
217
378
219
1044
616
1546
982
1436
829
113
1670
1182
214
1220
254
1773
171
812
1646
487
1116
1659
249
836
1489
147
292
150
939
435
1190
1572
163
743
547
469
1573
74
1511
1077
1354
1313
623
1042
888
78
381
72
441
62
1665
1699
970
499
1604
1505
70
980
903
1224
229
1398
129
1502
394
266
544
232
242
107
134
1740
504
1530
384
1019
854
424
1520
1223
1112
471
1259
345
1690
559
665
1469
859
1635
1571
1041
1331
51
33
7
1657
1607
426
1181
1193
655
1333
1627
1326
1706
86
1251
1276
1588
474
715
780
437
933
382
1695
843
331
770
835
918
1078
695
182
237
755
1506
757
923
738
1495
1273
212
694
351
1372
1241
1784
196
750
1263
1099
1739
221
103
1694
1131
398
898
866
1583
886
38
991
885
934
1685
1551
505
1714
590
238
410
1676
1566
1162
457
1371
1353
418
965
1342
573
1174
1733
807
1166
1384
708
557
1225
754
1556
696
278
922
267
725
1564
1075
100
786
157
769
1133
340
58
465
1632
1234
1355
1153
388
445
1093
1412
1597
1028
541
703
1227
1188
76
494
205
916
143
81
1204
172
1068
1091
1002
1752
1179
550
926
722
1421
1580
1500
1168
1213
645
1266
1729
523
1199
817
1488
259
822
187
366
818
159
1013
1547
1289
337
1293
1022
1622
1638
1356
1528
372
569
1108
202
89
912
42
1727
1037
1030
379
1423
450
1007
827
1311
162
1432
1148
1336
1499
1634
989
1139
322
564
28
1610
1710
537
1514
1392
552
258
1359
858
1774
783
566
904
1637
1360
1159
690
967
1232
326
128
1365
1496
145
909
907
1550
1221
1770
1498
1673
1567
164
521
839
1301
1492
586
1330
413
230
1069
1081
1096
1738
1170
716
968
496
328
669
1307
151
349
988
1010
17
925
346
401
873
422
239
1748
558
929
454
1507
397
479
1418
1407
374
930
1504
862
562
1385
223
1426
1536
131
1602
332
1142
1757
317
846
849
1256
1640
1452
220
194
1390
1532
1350
1349
575
41
227
1587
979
427
1480
745
555
1558
548
1709
120
1494
998
660
47
704
1286
195
1647
522
1205
490
1616
1321
111
180
1189
1726
1043
863
1483
1686
924
316
1406
1422
1095
1312
751
1343
429
938
491
250
1434
367
455
453
946
717
697
730
98
1257
213
404
300
459
80
463
1265
1720
1114
509
1772
614
284
375
1527
638
831
1305
536
792
14
1145
193
856
247
255
156
647
1202
339
1124
46
295
662
155
1386
1171
273
598
1509
596
1650
1337
1764
617
1750
56
658
283
1442
299
1141
1589
1201
1401
1261
1596
1468
759
995
63
1656
1471
240
197
1135
198
1677
1087
144
688
581
1361
1383
954
1476
1413
1460
1765
431
312
540
1455
253
1288
305
724
515
1529
1691
964
533
776
327
428
613
1080
104
1681
1040
534
919
93
411
837
876
417
1404
1606
1730
1561
1485
204
766
591
1057
1780
1048
659
117
656
354
1374
712
502
958
1586
1252
513
511
1237
966
1357
478
252
8
181
67
347
1568
1282
1165
791
84
139
208
828
1085
1722
1163
641
1543
1570
1382
1486
891
1680
782
1414
1129
897
1317
927
1776
1762
701
1462
1272
602
1258
362
735
1358
1416
667
90
97
1648
1380
1717
1016
1444
1644
677
619
1341
169
1039
1671
1592
476
290
1284
978
248
1490
138
634
632
1623
501
1247
1617
605
380
810
1084
1086
389
1705
1702
83
59
1472
622
543
1211
1737
210
583
1198
377
1479
1185
1433
1754
1555
1294
1400
395
231
1628
737
921
1279
820
403
1318
1523
1447
1662
106
449
1082
233
775
844
1006
489
466
787
1552
1340
864
286
420
611
1402
500
1393
1642
644
79
1066
383
1038
1454
287
1152
1167
1409
1661
1214
910
676
142
209
900
1115
256
1184
1585
188
1060
626
1031
525
330
1137
642
761
1377
1001
878
5
654
996
483
433
407
1698
510
1024
668
806
830
987
1651
201
480
371
1542
1594
508
1287
48
1157
1262
512
481
179
698
314
177
1620
1734
1219
1005
935
973
272
808
1299
108
412
53
29
850
874
21
1482
329
1362
311
1186
1029
627
1475
492
495
1076
1180
707
1328
952
353
624
356
1302
1210
443
774
1297
1269
1441
364
1446
985
574
538
1612
1716
438
1601
1113
1327
861
1348
1212
447
729
436
1072
1712
595
25
1769
482
257
52
268
959
1540
1487
1079
945
302
477
553
801
1055
906
819
917
1238
1618
185
549
109
781
1427
1102
1603
1172
847
1417
1338
37
439
657
1410
405
531
868
604
355
279
64
1584
1668
406
352
955
890
554
1109
1775
1430
1541
31
1510
896
713
778
486
49
1693
1183
234
1731
298
1151
1344
275
1191
986
1254
1562
1332
415
1619
1089
1411
1244
1346
514
270
1245
462
1364
309
803
875
1027
1669
1679
1012
1100
1621
1578
1283
680
1749
1110
777
628
387
246
1156
1194
1420
178
1015
1425
795
813
1235
734
551
681
344
468
621
1176
811
942
788
539
928
27
943
282
183
733
1035
771
1658
1593
110
962
587
1260
809
1758
1160
1083
61
981
1687
88
50
546
568
1169
1777
1306
87
26
848
914
1741
941
760
1590
1591
1538
1324
1473
524
1761
940
718
472
43
1464
1074
1119
984
577
857
631
565
456
493
1106
825
526
1545
1130
867
124
1424
192
764
421
274
94
785
189
161
1268
446
1744
779
833
1101
1056
1429
1314
842
458
1512
687
1267
1684
993
821
1728
1645
589
571
19
102
977
1236
200
44
264
855
799
794
130
15
315
1250
1034
1277
243
615
1050
1747
324
1045
1725
289
1200
567
1751
961
1672
1304
1215
203
1144
1036
73
992
1352
1
606
990
125
308
199
393
307
719
1394
1577
1403
414
173
561
36
949
385
318
588
768
116
1711
1335
1391
1707
1291
1118
1682
82
323
1366
1453
920
498
1158
1497
576
1437
1339
1161
1419
1196
1653
1613
1175
1701
1255
1484
71
1014
497
700
1104
215
444
639
620
1655
1465
1292
23
1696
601
994
663
141
1557
702
1767
370
1192
1549
1666
1683
686
1378
288
683
535
579
637
1439
1456
1310
610
1000
1491
815
126
137
503
915
1732
1295
664
430
207
1203
1246
607
392
363
1325
1315
1280
1229
582
1345
262
1058
1395
293
1094
1388
563
793
629
65
277
1548
889
1239
953
1146
741
1126
1278
1334
747
1399
709
1059
1323
1320
158
618
1524
153
276
1559
285
225
765
728
2
391
1136
1609
1458
1721
1554
1755
1553
1033
132
1667
1697
731
263
114
4
1316
895
18
451
1466
85
470
1150
342
976
1105
1249
222
972
1020
1149
633
245
75
191
603
1231
1396
679
974
527
1633
1296
1303
852
24
95
684
1120
1771
1576
937
1154
1290
1478
206
693
1525
1053
1274
1067
507
1481
167
348
800
432
1281
154
484
1428
1071
1608
1760
671
1703
572
39
997
1363
341
957
1177
1535
168
1575
936
13
1660
1018
9
434
66
20
57
1537
122
1629
1768
1779
251
1206
1781
845
10
1408
416
12
814
1654
1092
1614
1308
1692
1173
528
1208
313
1379
1218
1735
297
1164
226
1626
1275
368
630
386
908
350
334
1070
685
1253
1046
1467
901
1309
260
1073
711
1674
608
1051
580
612
1746
516
1766
1742
753
1778
118
1090
1381
1003
1143
359
714
